'(0.422535211268 0.422535211268 0.0281690140845 0.0281690140845 0.0281690140845 0.0281690140845 0.0140845070423 0.0140845070423 0.0140845070423 0.0000000001) '(0.5 0.5 0.0000000001 0.0000000001 0.0000000001 0.0000000001 0.0000000001 0.0000000001 0.0000000001 0.0000000001) '(0.506493506494 0.493506493506 0.0000000001 0.0000000001 0.0000000001 0.0000000001 0.0000000001 0.0000000001 0.0000000001 0.0000000001) '(0.347826086957 0.347826086957 0.0869565217391 0.0869565217391 0.0434782608696 0.0521739130435 0.0173913043478 0.0173913043478 0.0000000001 0.0000000001) '(0.352941176471 0.362745098039 0.127450980392 0.078431372549 0.0294117647059 0.00980392156863 0.00980392156863 0.00980392156863 0.00980392156863 0.00980392156863) '(0.701754385965 0.19298245614 0.0175438596491 0.0175438596491 0.0175438596491 0.0175438596491 0.0000000001 0.0175438596491 0.0175438596491 0.0000000001) '(0.273381294964 0.244604316547 0.143884892086 0.143884892086 0.0791366906475 0.0719424460432 0.0143884892086 0.00719424460432 0.00719424460432 0.0143884892086) '(0.37037037037 0.37037037037 0.037037037037 0.0000000001 0.037037037037 0.037037037037 0.037037037037 0.037037037037 0.037037037037 0.037037037037) '(0.428571428571 0.395604395604 0.021978021978 0.021978021978 0.010989010989 0.021978021978 0.021978021978 0.021978021978 0.021978021978 0.032967032967) '(0.514285714286 0.485714285714 0.0000000001 0.0000000001 0.0000000001 0.0000000001 0.0000000001 0.0000000001 0.0000000001 0.0000000001) '(0.469879518072 0.481927710843 0.0240963855422 0.0240963855422 0.0000000001 0.0000000001 0.0000000001 0.0000000001 0.0000000001 0.0000000001) '(0.486486486486 0.432432432432 0.0135135135135 0.0135135135135 0.0000000001 0.0135135135135 0.0135135135135 0.0135135135135 0.0135135135135 0.0000000001) '(0.319327731092 0.27731092437 0.0840336134454 0.100840336134 0.0756302521008 0.0588235294118 0.0336134453782 0.0336134453782 0.0000000001 0.0168067226891) '(0.5 0.5 0.0000000001 0.0000000001 0.0000000001 0.0000000001 0.0000000001 0.0000000001 0.0000000001 0.0000000001) '(0.232558139535 0.232558139535 0.104651162791 0.116279069767 0.0697674418605 0.0581395348837 0.0581395348837 0.046511627907 0.046511627907 0.0348837209302) '(0.384615384615 0.375 0.0961538461538 0.105769230769 0.00961538461538 0.00961538461538 0.0000000001 0.00961538461538 0.00961538461538 0.0000000001) '(0.52 0.373333333333 0.0533333333333 0.0533333333333 0.0000000001 0.0000000001 0.0000000001 0.0000000001 0.0000000001 0.0000000001) '(0.278846153846 0.278846153846 0.0961538461538 0.0961538461538 0.0673076923077 0.0673076923077 0.0384615384615 0.0384615384615 0.0192307692308 0.0192307692308) '(0.506493506494 0.402597402597 0.012987012987 0.012987012987 0.012987012987 0.012987012987 0.012987012987 0.0000000001 0.012987012987 0.012987012987) '(0.43661971831 0.43661971831 0.056338028169 0.0704225352113 0.0000000001 0.0000000001 0.0000000001 0.0000000001 0.0000000001 0.0000000001) '(0.425531914894 0.425531914894 0.0531914893617 0.0957446808511 0.0000000001 0.0000000001 0.0000000001 0.0000000001 0.0000000001 0.0000000001) '(0.208695652174 0.208695652174 0.121739130435 0.095652173913 0.0521739130435 0.0521739130435 0.0434782608696 0.0347826086957 0.00869565217391 0.173913043478) '(0.454545454545 0.393939393939 0.0606060606061 0.0909090909091 0.0000000001 0.0000000001 0.0000000001 0.0000000001 0.0000000001 0.0000000001) '(0.506329113924 0.493670886076 0.0000000001 0.0000000001 0.0000000001 0.0000000001 0.0000000001 0.0000000001 0.0000000001 0.0000000001) '(0.353982300885 0.336283185841 0.115044247788 0.115044247788 0.0176991150442 0.0176991150442 0.00884955752212 0.00884955752212 0.0176991150442 0.00884955752212) '(0.5 0.5 0.0000000001 0.0000000001 0.0000000001 0.0000000001 0.0000000001 0.0000000001 0.0000000001 0.0000000001) '(0.222222222222 0.222222222222 0.177777777778 0.177777777778 0.0888888888889 0.0888888888889 0.0111111111111 0.0111111111111 0.0000000001 0.0000000001) '(0.43956043956 0.43956043956 0.0659340659341 0.0549450549451 0.0000000001 0.0000000001 0.0000000001 0.0000000001 0.0000000001 0.0000000001) '(0.475409836066 0.491803278689 0.0000000001 0.0000000001 0.016393442623 0.016393442623 0.0000000001 0.0000000001 0.0000000001 0.0000000001) '(0.475609756098 0.475609756098 0.0000000001 0.0121951219512 0.0121951219512 0.0000000001 0.0000000001 0.0121951219512 0.0121951219512 0.0000000001)
