'(0.0149253731343 0.0000000001 0.0149253731343 0.0149253731343 0.328358208955 0.34328358209 0.089552238806 0.089552238806 0.0597014925373 0.044776119403) '(0.0000000001 0.0000000001 0.204081632653 0.204081632653 0.204081632653 0.204081632653 0.0918367346939 0.0918367346939 0.0000000001 0.0000000001) '(0.0000000001 0.0000000001 0.194630872483 0.181208053691 0.241610738255 0.255033557047 0.0604026845638 0.0671140939597 0.0000000001 0.0000000001) '(0.020942408377 0.020942408377 0.130890052356 0.125654450262 0.157068062827 0.157068062827 0.157068062827 0.162303664921 0.0314136125654 0.0366492146597) '(0.0229007633588 0.030534351145 0.229007633588 0.236641221374 0.236641221374 0.213740458015 0.00763358778626 0.00763358778626 0.00763358778626 0.00763358778626) '(0.00751879699248 0.0000000001 0.293233082707 0.218045112782 0.218045112782 0.225563909774 0.015037593985 0.00751879699248 0.00751879699248 0.00751879699248) '(0.0287081339713 0.0239234449761 0.0956937799043 0.11004784689 0.186602870813 0.186602870813 0.143540669856 0.153110047847 0.0430622009569 0.0287081339713) '(0.00763358778626 0.00763358778626 0.24427480916 0.259541984733 0.229007633588 0.221374045802 0.00763358778626 0.00763358778626 0.00763358778626 0.00763358778626) '(0.0106382978723 0.00531914893617 0.202127659574 0.212765957447 0.207446808511 0.202127659574 0.148936170213 0.00531914893617 0.0000000001 0.00531914893617) '(0.0000000001 0.0000000001 0.384615384615 0.115384615385 0.320512820513 0.102564102564 0.0384615384615 0.0384615384615 0.0000000001 0.0000000001) '(0.0000000001 0.0000000001 0.233333333333 0.233333333333 0.266666666667 0.266666666667 0.0000000001 0.0000000001 0.0000000001 0.0000000001) '(0.00751879699248 0.0000000001 0.218045112782 0.210526315789 0.263157894737 0.270676691729 0.00751879699248 0.00751879699248 0.00751879699248 0.00751879699248) '(0.0614525139665 0.0782122905028 0.201117318436 0.201117318436 0.167597765363 0.173184357542 0.0614525139665 0.0446927374302 0.0111731843575 0.0000000001) '(0.0000000001 0.0000000001 0.202702702703 0.202702702703 0.27027027027 0.27027027027 0.027027027027 0.027027027027 0.0000000001 0.0000000001) '(0.0253164556962 0.0253164556962 0.151898734177 0.139240506329 0.240506329114 0.23417721519 0.0632911392405 0.0632911392405 0.0253164556962 0.0316455696203) '(0.0000000001 0.0000000001 0.095652173913 0.095652173913 0.339130434783 0.252173913043 0.095652173913 0.095652173913 0.00869565217391 0.0173913043478) '(0.0000000001 0.0000000001 0.192546583851 0.180124223602 0.223602484472 0.223602484472 0.0745341614907 0.055900621118 0.0248447204969 0.0248447204969) '(0.00854700854701 0.00854700854701 0.0384615384615 0.0384615384615 0.123931623932 0.123931623932 0.162393162393 0.162393162393 0.166666666667 0.166666666667) '(0.0113636363636 0.0113636363636 0.363636363636 0.443181818182 0.113636363636 0.0113636363636 0.0113636363636 0.0113636363636 0.0113636363636 0.0113636363636) '(0.0000000001 0.0000000001 0.190476190476 0.190476190476 0.17619047619 0.17619047619 0.114285714286 0.114285714286 0.0190476190476 0.0190476190476) '(0.035 0.015 0.175 0.18 0.2 0.18 0.07 0.06 0.045 0.04) '(0.0181818181818 0.0181818181818 0.218181818182 0.227272727273 0.1 0.0727272727273 0.0909090909091 0.0818181818182 0.0818181818182 0.0909090909091) '(0.235294117647 0.235294117647 0.176470588235 0.235294117647 0.0588235294118 0.0588235294118 0.0000000001 0.0000000001 0.0000000001 0.0000000001) '(0.0000000001 0.0000000001 0.192307692308 0.192307692308 0.21978021978 0.21978021978 0.0769230769231 0.0714285714286 0.010989010989 0.0164835164835) '(0.0106382978723 0.0106382978723 0.297872340426 0.308510638298 0.106382978723 0.117021276596 0.063829787234 0.063829787234 0.0106382978723 0.0106382978723) '(0.0333333333333 0.0333333333333 0.233333333333 0.233333333333 0.233333333333 0.233333333333 0.0000000001 0.0000000001 0.0000000001 0.0000000001) '(0.0322580645161 0.0430107526882 0.150537634409 0.139784946237 0.311827956989 0.290322580645 0.010752688172 0.010752688172 0.0000000001 0.010752688172) '(0.0000000001 0.0000000001 0.298507462687 0.298507462687 0.298507462687 0.0746268656716 0.0149253731343 0.0149253731343 0.0000000001 0.0000000001) '(0.0649350649351 0.0649350649351 0.162337662338 0.162337662338 0.162337662338 0.162337662338 0.0714285714286 0.0714285714286 0.038961038961 0.038961038961) '(0.0000000001 0.00729927007299 0.21897810219 0.226277372263 0.240875912409 0.255474452555 0.021897810219 0.021897810219 0.0000000001 0.00729927007299)
