'(0.322222222222 0.322222222222 0.0666666666667 0.0666666666667 0.0555555555556 0.0555555555556 0.0444444444444 0.0222222222222 0.0222222222222 0.0222222222222) '(0.1 0.1 0.1 0.1 0.1 0.1 0.1 0.1 0.1 0.1) '(0.124203821656 0.127388535032 0.127388535032 0.127388535032 0.127388535032 0.127388535032 0.0955414012739 0.0955414012739 0.0222929936306 0.0254777070064) '(0.175438596491 0.175438596491 0.131578947368 0.131578947368 0.100877192982 0.100877192982 0.0526315789474 0.0526315789474 0.0394736842105 0.0394736842105) '(0.175572519084 0.190839694656 0.175572519084 0.152671755725 0.12213740458 0.114503816794 0.0229007633588 0.0152671755725 0.0152671755725 0.0152671755725) '(0.33734939759 0.349397590361 0.132530120482 0.120481927711 0.0120481927711 0.0120481927711 0.0120481927711 0.0120481927711 0.0120481927711 0.0000000001) '(0.185185185185 0.179012345679 0.16049382716 0.0987654320988 0.154320987654 0.0925925925926 0.0308641975309 0.0617283950617 0.0185185185185 0.0185185185185) '(0.381578947368 0.421052631579 0.0263157894737 0.0394736842105 0.0394736842105 0.0263157894737 0.0263157894737 0.0131578947368 0.0131578947368 0.0131578947368) '(0.438202247191 0.449438202247 0.0224719101124 0.0224719101124 0.0112359550562 0.0112359550562 0.0112359550562 0.0112359550562 0.0112359550562 0.0112359550562) '(0.242424242424 0.227272727273 0.166666666667 0.166666666667 0.0909090909091 0.0454545454545 0.030303030303 0.030303030303 0.0000000001 0.0000000001) '(0.295454545455 0.242424242424 0.0984848484848 0.0984848484848 0.0757575757576 0.0757575757576 0.030303030303 0.0378787878788 0.0227272727273 0.0227272727273) '(0.244897959184 0.238095238095 0.170068027211 0.142857142857 0.108843537415 0.0340136054422 0.0204081632653 0.0272108843537 0.00680272108844 0.00680272108844) '(0.245398773006 0.245398773006 0.141104294479 0.147239263804 0.0613496932515 0.079754601227 0.0245398773006 0.0429447852761 0.0000000001 0.0122699386503) '(0.283018867925 0.283018867925 0.150943396226 0.150943396226 0.0377358490566 0.0377358490566 0.0283018867925 0.0283018867925 0.0000000001 0.0000000001) '(0.154285714286 0.165714285714 0.114285714286 0.114285714286 0.08 0.08 0.0857142857143 0.0857142857143 0.0457142857143 0.0742857142857) '(0.182242990654 0.177570093458 0.144859813084 0.140186915888 0.0934579439252 0.0934579439252 0.0467289719626 0.0420560747664 0.0420560747664 0.0373831775701) '(0.0757575757576 0.151515151515 0.227272727273 0.113636363636 0.0984848484848 0.0833333333333 0.0833333333333 0.0833333333333 0.0530303030303 0.030303030303) '(0.29 0.29 0.09 0.09 0.05 0.05 0.04 0.04 0.03 0.03) '(0.252173913043 0.339130434783 0.0869565217391 0.0869565217391 0.0869565217391 0.095652173913 0.0173913043478 0.0173913043478 0.00869565217391 0.00869565217391) '(0.186666666667 0.186666666667 0.173333333333 0.173333333333 0.1 0.0933333333333 0.0466666666667 0.04 0.0000000001 0.0000000001) '(0.106951871658 0.0802139037433 0.155080213904 0.213903743316 0.133689839572 0.160427807487 0.0588235294118 0.0909090909091 0.0000000001 0.0000000001) '(0.188679245283 0.182389937107 0.163522012579 0.157232704403 0.0880503144654 0.0691823899371 0.0566037735849 0.0440251572327 0.0251572327044 0.0251572327044) '(0.285714285714 0.285714285714 0.142857142857 0.0642857142857 0.0642857142857 0.0571428571429 0.0428571428571 0.0285714285714 0.0214285714286 0.00714285714286) '(0.0654205607477 0.242990654206 0.289719626168 0.317757009346 0.0373831775701 0.0467289719626 0.0000000001 0.0000000001 0.0000000001 0.0000000001) '(0.253246753247 0.253246753247 0.0844155844156 0.0909090909091 0.0714285714286 0.0714285714286 0.0519480519481 0.0584415584416 0.0324675324675 0.0324675324675) '(0.281690140845 0.281690140845 0.0845070422535 0.0845070422535 0.0845070422535 0.0845070422535 0.0422535211268 0.0422535211268 0.00704225352113 0.00704225352113) '(0.266666666667 0.288888888889 0.144444444444 0.133333333333 0.0777777777778 0.0666666666667 0.0222222222222 0.0000000001 0.0000000001 0.0000000001) '(0.234782608696 0.260869565217 0.173913043478 0.147826086957 0.0608695652174 0.0434782608696 0.0347826086957 0.0434782608696 0.0000000001 0.0000000001) '(0.210144927536 0.210144927536 0.0724637681159 0.0724637681159 0.0724637681159 0.0724637681159 0.0724637681159 0.0724637681159 0.0724637681159 0.0724637681159) '(0.315217391304 0.326086956522 0.0978260869565 0.108695652174 0.054347826087 0.0652173913043 0.0108695652174 0.0108695652174 0.0108695652174 0.0000000001)
